 3.90 1.387E-04  707
 3.91 2.000E-04  533
 3.92 3.728E-04  534
 3.93 5.062E-04  534
 3.94 3.919E-04  535
 3.95 1.163E-03  707
 3.96 8.188E-03   68
 3.97 1.012E-02   53
 3.98 1.276E-02   36
 3.99 1.638E-02   26
 4.00 2.137E-02   27
 4.01 3.005E-02   33
 4.02 4.402E-02   36
 4.03 6.517E-02   37
 4.04 9.531E-02   37
 4.05 1.357E-01   37
 4.06 1.937E-01   35
 4.07 2.636E-01   33
 4.08 3.407E-01   31
 4.09 4.227E-01   28
 4.10 5.028E-01   23
 4.11 5.729E-01   19
 4.12 6.300E-01   15
 4.13 6.760E-01   12
 4.14 7.090E-01   10
 4.15 7.280E-01    9
 4.16 7.410E-01    9
 4.17 7.480E-01    8
 4.18 7.500E-01    7
 4.19 7.480E-01    6
 4.20 7.450E-01    6
 4.21 7.390E-01    7
 4.22 7.320E-01    9
 4.23 7.250E-01   10
 4.24 7.240E-01   10
 4.25 7.250E-01    8
 4.26 7.240E-01    7
 4.27 7.200E-01    8
 4.28 7.180E-01    9
 4.29 7.190E-01    9
 4.30 7.230E-01    7
 4.31 7.270E-01    6
 4.32 7.310E-01    5
 4.33 7.330E-01    5
 4.34 7.340E-01    6
 4.35 7.330E-01    6
 4.36 7.290E-01    7
 4.37 7.250E-01    6
 4.38 7.190E-01    6
 4.39 7.110E-01    5
 4.40 7.040E-01    5
 4.41 6.980E-01    5
 4.42 6.920E-01    4
 4.43 6.880E-01    4
 4.44 6.830E-01    4
 4.45 6.800E-01    3
 4.46 6.790E-01    3
 4.47 6.810E-01    4
 4.48 6.860E-01    5
 4.49 6.930E-01    7
 4.50 7.010E-01    8
 4.51 7.110E-01    9
 4.52 7.190E-01    9
 4.53 7.280E-01    8
 4.54 7.350E-01    7
 4.55 7.400E-01    6
 4.56 7.440E-01    6
 4.57 7.460E-01    6
 4.58 7.470E-01    7
 4.59 7.450E-01    8
 4.60 7.420E-01    8
 4.61 7.380E-01    7
 4.62 7.320E-01    7
 4.63 7.260E-01    6
 4.64 7.190E-01    5
 4.65 7.120E-01    5
 4.66 7.050E-01    5
 4.67 7.010E-01    5
 4.68 6.970E-01    5
 4.69 6.950E-01    4
 4.70 6.930E-01    4
 4.71 6.940E-01    5
 4.72 6.960E-01    5
 4.73 6.990E-01    5
 4.74 7.050E-01    5
 4.75 7.090E-01    5
 4.76 7.150E-01    5
 4.77 7.190E-01    5
 4.78 7.220E-01    5
 4.79 7.220E-01    5
 4.80 7.220E-01    5
 4.81 7.200E-01    5
 4.82 7.180E-01    6
 4.83 7.170E-01    7
 4.84 7.150E-01    8
 4.85 7.140E-01    8
 4.86 7.130E-01    9
 4.87 7.120E-01    8
 4.88 7.120E-01    8
 4.89 7.120E-01    7
 4.90 7.120E-01    6
 4.91 7.110E-01    6
 4.92 7.110E-01    6
 4.93 7.100E-01    6
 4.94 7.080E-01    6
 4.95 7.050E-01    5
 4.96 7.020E-01    5
 4.97 6.980E-01    5
 4.98 6.930E-01    5
 4.99 6.880E-01    6
 5.00 6.800E-01    7
 5.01 6.730E-01    8
 5.02 6.640E-01    9
 5.03 6.550E-01    9
 5.04 6.460E-01   10
 5.05 6.370E-01    9
 5.06 6.280E-01    9
 5.07 6.190E-01    9
 5.08 6.110E-01    9
 5.09 6.030E-01    8
 5.10 5.950E-01    8
 5.11 5.850E-01    8
 5.12 5.750E-01    8
 5.13 5.600E-01    9
 5.14 5.440E-01   10
 5.15 5.190E-01   12
 5.16 4.930E-01   14
 5.17 4.580E-01   17
 5.18 4.190E-01   21
 5.19 3.750E-01   24
 5.20 3.269E-01   28
 5.21 2.799E-01   33
 5.22 2.328E-01   37
 5.23 1.898E-01   42
 5.24 1.507E-01   47
 5.25 1.167E-01   52
 5.26 9.014E-02   57
 5.27 6.592E-02   62
 5.28 5.034E-02   68
 5.29 3.521E-02   74
 5.30 2.691E-02   81
 5.31 1.866E-02   89
 5.32 1.387E-02   98
 5.33 9.652E-03  107
 5.34 6.840E-03  121
 5.35 4.735E-03  137
 5.36 2.642E-03  707
 5.37 1.987E-03  707
 5.38 1.481E-03  707
 5.39 1.126E-03  707
 5.40 8.357E-04  707
 5.41 6.295E-04  707
 5.42 4.771E-04  707
 5.43 3.538E-04  707
 5.44 2.516E-04  707
 5.45 1.988E-04  707
 5.46 1.381E-04  707
 5.47 1.783E-04  562
 5.48 2.014E-04  563
 5.49 1.999E-04  563
 5.50 1.650E-04  562
 5.51 1.430E-04  562
 5.52 1.239E-04  562