7.200000000000000178e+00 2.366999999999999869e-05 7.070000000000000000e+02
7.280000000000000249e+00 9.638000000000000083e-04 3.000000000000000000e+02
7.360000000000000320e+00 2.752000000000000106e-03 1.280000000000000000e+02
7.440000000000000391e+00 7.551999999999999685e-03 8.300000000000000000e+01
7.519999999999999574e+00 4.599000000000000310e-02 1.130000000000000000e+02
7.599999999999999645e+00 2.149000000000000077e-01 4.200000000000000000e+01
7.679999999999999716e+00 1.680000000000000104e-01 1.500000000000000000e+01
7.759999999999999787e+00 1.670000000000000095e-01 1.500000000000000000e+01
7.839999999999999858e+00 1.880000000000000004e-01 1.100000000000000000e+01
7.919999999999999929e+00 2.000000000000000111e-01 1.700000000000000000e+01
8.000000000000000000e+00 2.369999999999999885e-01 1.500000000000000000e+01
8.080000000000000071e+00 2.489999999999999991e-01 1.300000000000000000e+01
8.160000000000000142e+00 2.439999999999999947e-01 2.000000000000000000e+01
8.240000000000000213e+00 2.310000000000000109e-01 1.800000000000000000e+01
8.320000000000000284e+00 2.129999999999999949e-01 1.900000000000000000e+01
8.400000000000000355e+00 2.169999999999999984e-01 1.800000000000000000e+01
8.480000000000000426e+00 2.349999999999999867e-01 1.900000000000000000e+01
8.560000000000000497e+00 2.540000000000000036e-01 2.100000000000000000e+01
8.640000000000000568e+00 2.500000000000000000e-01 2.700000000000000000e+01
8.720000000000000639e+00 2.399999999999999911e-01 2.300000000000000000e+01
8.800000000000000711e+00 1.360000000000000098e-01 2.200000000000000000e+01
8.880000000000000782e+00 2.300000000000000100e-01 2.400000000000000000e+01
8.960000000000000853e+00 2.449999999999999956e-01 2.100000000000000000e+01
9.039999999999999147e+00 2.429999999999999938e-01 2.200000000000000000e+01
9.119999999999999218e+00 2.469999999999999973e-01 2.200000000000000000e+01
9.199999999999999289e+00 2.399999999999999911e-01 2.400000000000000000e+01
9.279999999999999361e+00 2.349999999999999867e-01 1.800000000000000000e+01
9.359999999999999432e+00 2.379999999999999893e-01 1.700000000000000000e+01
9.439999999999999503e+00 2.399999999999999911e-01 1.600000000000000000e+01
9.519999999999999574e+00 2.520000000000000018e-01 1.600000000000000000e+01
9.599999999999999645e+00 2.419999999999999929e-01 1.600000000000000000e+01
9.679999999999999716e+00 2.429999999999999938e-01 1.700000000000000000e+01
9.759999999999999787e+00 2.439999999999999947e-01 9.000000000000000000e+00
9.839999999999999858e+00 2.500000000000000000e-01 1.400000000000000000e+01
9.919999999999999929e+00 2.620000000000000107e-01 8.000000000000000000e+00
1.000000000000000000e+01 2.770000000000000240e-01 1.200000000000000000e+01
1.008000000000000007e+01 3.019999999999999907e-01 1.100000000000000000e+01
1.016000000000000014e+01 3.250000000000000111e-01 1.600000000000000000e+01
1.024000000000000021e+01 3.180000000000000049e-01 1.200000000000000000e+01
1.032000000000000028e+01 3.009999999999999898e-01 1.300000000000000000e+01
1.040000000000000036e+01 2.969999999999999862e-01 9.000000000000000000e+00
1.048000000000000043e+01 2.909999999999999809e-01 1.500000000000000000e+01
1.056000000000000050e+01 2.979999999999999871e-01 1.200000000000000000e+01
1.064000000000000057e+01 3.079999999999999960e-01 9.000000000000000000e+00
1.072000000000000064e+01 3.150000000000000022e-01 1.600000000000000000e+01
1.080000000000000071e+01 3.079999999999999960e-01 1.500000000000000000e+01
1.088000000000000078e+01 3.119999999999999996e-01 1.400000000000000000e+01
1.096000000000000085e+01 2.999999999999999889e-01 1.400000000000000000e+01
1.103999999999999915e+01 3.009999999999999898e-01 2.200000000000000000e+01
1.111999999999999922e+01 2.969999999999999862e-01 1.500000000000000000e+01
1.119999999999999929e+01 2.889999999999999791e-01 1.700000000000000000e+01
1.127999999999999936e+01 2.810000000000000275e-01 1.600000000000000000e+01
1.135999999999999943e+01 2.889999999999999791e-01 1.700000000000000000e+01
1.143999999999999950e+01 2.939999999999999836e-01 1.400000000000000000e+01
1.151999999999999957e+01 3.059999999999999942e-01 1.600000000000000000e+01
1.159999999999999964e+01 3.170000000000000040e-01 1.800000000000000000e+01
1.167999999999999972e+01 3.210000000000000075e-01 1.500000000000000000e+01
1.175999999999999979e+01 3.119999999999999996e-01 1.800000000000000000e+01
1.183999999999999986e+01 3.059999999999999942e-01 2.000000000000000000e+01
1.191999999999999993e+01 2.969999999999999862e-01 1.400000000000000000e+01
1.200000000000000000e+01 2.929999999999999827e-01 2.200000000000000000e+01
1.208000000000000007e+01 2.829999999999999738e-01 1.900000000000000000e+01
1.216000000000000014e+01 2.859999999999999765e-01 2.000000000000000000e+01
1.224000000000000021e+01 2.929999999999999827e-01 1.600000000000000000e+01
1.232000000000000028e+01 2.989999999999999880e-01 1.800000000000000000e+01
1.240000000000000036e+01 3.160000000000000031e-01 2.300000000000000000e+01
1.248000000000000043e+01 3.360000000000000209e-01 1.900000000000000000e+01
1.256000000000000050e+01 3.370000000000000218e-01 2.200000000000000000e+01
1.264000000000000057e+01 3.360000000000000209e-01 2.400000000000000000e+01
1.272000000000000064e+01 3.388999999999999790e-01 2.300000000000000000e+01
1.280000000000000071e+01 3.430000000000000271e-01 2.200000000000000000e+01
1.288000000000000078e+01 3.589999999999999858e-01 2.000000000000000000e+01
1.296000000000000085e+01 3.679999999999999938e-01 1.900000000000000000e+01
1.303999999999999915e+01 3.689999999999999947e-01 2.200000000000000000e+01
1.311999999999999922e+01 3.870000000000000107e-01 2.200000000000000000e+01
1.319999999999999929e+01 4.060000000000000275e-01 2.300000000000000000e+01
1.327999999999999936e+01 4.139999999999999791e-01 2.400000000000000000e+01
1.335999999999999943e+01 4.079999999999999738e-01 2.400000000000000000e+01
1.343999999999999950e+01 4.030000000000000249e-01 2.400000000000000000e+01
1.351999999999999957e+01 4.060000000000000275e-01 2.500000000000000000e+01
1.359999999999999964e+01 4.079999999999999738e-01 2.500000000000000000e+01
1.367999999999999972e+01 4.079999999999999738e-01 2.500000000000000000e+01
1.375999999999999979e+01 4.010000000000000231e-01 2.600000000000000000e+01
1.383999999999999986e+01 4.040000000000000258e-01 2.800000000000000000e+01
1.391999999999999993e+01 4.060000000000000275e-01 3.000000000000000000e+01
1.400000000000000000e+01 4.139999999999999791e-01 3.300000000000000000e+01
1.408000000000000007e+01 4.179999999999999827e-01 3.500000000000000000e+01
1.416000000000000014e+01 4.139999999999999791e-01 2.800000000000000000e+01
1.424000000000000021e+01 4.189999999999999836e-01 2.600000000000000000e+01
1.432000000000000028e+01 4.149999999999999800e-01 3.000000000000000000e+01
1.440000000000000036e+01 4.179999999999999827e-01 2.800000000000000000e+01
1.448000000000000043e+01 4.179999999999999827e-01 2.800000000000000000e+01
1.456000000000000050e+01 4.099999999999999756e-01 2.800000000000000000e+01
1.464000000000000057e+01 4.020000000000000240e-01 2.600000000000000000e+01
1.472000000000000064e+01 3.960000000000000187e-01 2.800000000000000000e+01
1.480000000000000071e+01 3.910000000000000142e-01 2.900000000000000000e+01
1.488000000000000078e+01 3.830000000000000071e-01 2.700000000000000000e+01
1.496000000000000085e+01 3.729999999999999982e-01 2.800000000000000000e+01
1.503999999999999915e+01 3.639999999999999902e-01 3.000000000000000000e+01
1.511999999999999922e+01 3.549999999999999822e-01 2.800000000000000000e+01
1.519999999999999929e+01 3.350000000000000200e-01 2.800000000000000000e+01
1.527999999999999936e+01 3.079999999999999960e-01 3.200000000000000000e+01
1.535999999999999943e+01 2.849999999999999756e-01 3.000000000000000000e+01
1.543999999999999950e+01 2.620000000000000107e-01 2.800000000000000000e+01
1.551999999999999957e+01 2.540000000000000036e-01 2.800000000000000000e+01
1.559999999999999964e+01 2.540000000000000036e-01 2.800000000000000000e+01
1.567999999999999972e+01 2.580000000000000071e-01 3.200000000000000000e+01
1.575999999999999979e+01 2.580000000000000071e-01 3.000000000000000000e+01
1.583999999999999986e+01 2.530000000000000027e-01 2.900000000000000000e+01
1.591999999999999993e+01 2.409999999999999920e-01 3.100000000000000000e+01
1.600000000000000000e+01 2.300000000000000100e-01 3.200000000000000000e+01
1.607999999999999829e+01 2.260000000000000064e-01 2.900000000000000000e+01
1.616000000000000014e+01 2.230000000000000038e-01 3.000000000000000000e+01
1.623999999999999844e+01 2.149999999999999967e-01 3.300000000000000000e+01
1.632000000000000028e+01 1.970999999999999974e-01 4.400000000000000000e+01
1.639999999999999858e+01 1.670999999999999985e-01 4.900000000000000000e+01
1.648000000000000043e+01 1.300999999999999934e-01 5.000000000000000000e+01
1.655999999999999872e+01 9.395000000000000573e-02 5.300000000000000000e+01
1.664000000000000057e+01 6.365999999999999437e-02 5.300000000000000000e+01
1.671999999999999886e+01 4.202999999999999792e-02 5.500000000000000000e+01
1.680000000000000071e+01 2.833000000000000101e-02 6.500000000000000000e+01
1.687999999999999901e+01 1.980000000000000163e-02 6.900000000000000000e+01
1.696000000000000085e+01 1.447999999999999982e-02 5.600000000000000000e+01
1.703999999999999915e+01 1.116999999999999937e-02 5.000000000000000000e+01
1.712000000000000099e+01 8.581000000000000086e-03 6.000000000000000000e+01
1.719999999999999929e+01 5.805000000000000264e-03 5.900000000000000000e+01
1.728000000000000114e+01 2.844000000000000174e-03 6.200000000000000000e+01
1.735999999999999943e+01 7.002999999999999460e-04 4.640000000000000000e+02
1.744000000000000128e+01 1.059000000000000045e-03 7.070000000000000000e+02
1.751999999999999957e+01 1.327999999999999970e-03 5.820000000000000000e+02
1.760000000000000142e+01 3.795000000000000088e-04 4.320000000000000000e+02
1.767999999999999972e+01 1.695000000000000001e-04 2.770000000000000000e+02
