1.907000000000000028e+01 1.153999999999999996e-04 5.410000000000000000e+02
1.914999999999999858e+01 8.132999999999999821e-04 2.200000000000000000e+02
1.923000000000000043e+01 5.488999999999999793e-05 1.000000000000000000e+03
1.930999999999999872e+01 2.479000000000000084e-04 6.540000000000000000e+02
1.939000000000000057e+01 9.816000000000000072e-04 2.210000000000000000e+02
1.946999999999999886e+01 2.631000000000000092e-03 5.500000000000000000e+01
1.955000000000000071e+01 4.483000000000000006e-03 9.700000000000000000e+01
1.962999999999999901e+01 1.401999999999999948e-02 6.100000000000000000e+01
1.971000000000000085e+01 3.812000000000000111e-02 5.100000000000000000e+01
1.978999999999999915e+01 9.150999999999999412e-02 5.800000000000000000e+01
1.987000000000000099e+01 1.801000000000000101e-01 5.400000000000000000e+01
1.994999999999999929e+01 2.386000000000000065e-01 3.800000000000000000e+01
2.003000000000000114e+01 2.459999999999999964e-01 3.600000000000000000e+01
2.010999999999999943e+01 2.511999999999999789e-01 3.800000000000000000e+01
2.019000000000000128e+01 2.721000000000000085e-01 3.400000000000000000e+01
2.026999999999999957e+01 2.691999999999999948e-01 4.000000000000000000e+01
2.035000000000000142e+01 2.581999999999999851e-01 3.600000000000000000e+01
2.042999999999999972e+01 2.721000000000000085e-01 3.400000000000000000e+01
2.051000000000000156e+01 2.861000000000000210e-01 3.200000000000000000e+01
2.058999999999999986e+01 2.791000000000000147e-01 3.800000000000000000e+01
2.067000000000000171e+01 2.721000000000000085e-01 3.500000000000000000e+01
2.075000000000000000e+01 2.791000000000000147e-01 3.300000000000000000e+01
2.082999999999999829e+01 2.751000000000000112e-01 3.400000000000000000e+01
2.091000000000000014e+01 2.761000000000000121e-01 3.500000000000000000e+01
2.098999999999999844e+01 2.651000000000000023e-01 3.500000000000000000e+01
2.107000000000000028e+01 2.701000000000000068e-01 3.400000000000000000e+01
2.114999999999999858e+01 2.879999999999999782e-01 4.300000000000000000e+01
2.123000000000000043e+01 2.959999999999999853e-01 3.000000000000000000e+01
2.130999999999999872e+01 2.959999999999999853e-01 4.700000000000000000e+01
2.139000000000000057e+01 2.790000000000000258e-01 3.700000000000000000e+01
2.146999999999999886e+01 2.740000000000000213e-01 2.700000000000000000e+01
2.155000000000000071e+01 2.959999999999999853e-01 3.000000000000000000e+01
2.162999999999999901e+01 2.949999999999999845e-01 3.100000000000000000e+01
2.171000000000000085e+01 2.660000000000000142e-01 2.700000000000000000e+01
2.178999999999999915e+01 2.630000000000000115e-01 3.600000000000000000e+01
2.187000000000000099e+01 2.848999999999999866e-01 3.200000000000000000e+01
2.194999999999999929e+01 2.838999999999999857e-01 3.400000000000000000e+01
2.203000000000000114e+01 2.748999999999999777e-01 3.700000000000000000e+01
2.210999999999999943e+01 2.650000000000000133e-01 2.300000000000000000e+01
2.219000000000000128e+01 2.550000000000000044e-01 2.100000000000000000e+01
2.226999999999999957e+01 2.500000000000000000e-01 2.400000000000000000e+01
2.235000000000000142e+01 2.359999999999999876e-01 2.600000000000000000e+01
2.242999999999999972e+01 2.220000000000000029e-01 2.900000000000000000e+01
2.251000000000000156e+01 2.020000000000000129e-01 2.400000000000000000e+01
2.258999999999999986e+01 1.930000000000000049e-01 2.800000000000000000e+01
2.267000000000000171e+01 2.010000000000000120e-01 2.900000000000000000e+01
2.275000000000000000e+01 2.000000000000000111e-01 2.100000000000000000e+01
2.282999999999999829e+01 1.980000000000000093e-01 2.100000000000000000e+01
2.291000000000000014e+01 1.900000000000000022e-01 2.800000000000000000e+01
2.298999999999999844e+01 1.928999999999999881e-01 3.900000000000000000e+01
2.307000000000000028e+01 2.038999999999999979e-01 3.300000000000000000e+01
2.314999999999999858e+01 1.960000000000000075e-01 2.200000000000000000e+01
2.323000000000000043e+01 1.809999999999999942e-01 1.800000000000000000e+01
2.330999999999999872e+01 1.590000000000000024e-01 2.100000000000000000e+01
2.339000000000000057e+01 1.439999999999999891e-01 2.700000000000000000e+01
2.346999999999999886e+01 1.360000000000000098e-01 2.300000000000000000e+01
2.355000000000000071e+01 1.209999999999999964e-01 2.700000000000000000e+01
2.362999999999999901e+01 1.179999999999999938e-01 2.900000000000000000e+01
2.371000000000000085e+01 1.189999999999999947e-01 3.200000000000000000e+01
2.378999999999999915e+01 1.209999999999999964e-01 3.200000000000000000e+01
2.387000000000000099e+01 1.209999999999999964e-01 4.100000000000000000e+01
2.394999999999999929e+01 1.310000000000000053e-01 5.500000000000000000e+01
2.403000000000000114e+01 1.390000000000000124e-01 4.700000000000000000e+01
2.410999999999999943e+01 1.459999999999999909e-01 3.400000000000000000e+01
2.419000000000000128e+01 1.499999999999999944e-01 4.200000000000000000e+01
2.426999999999999957e+01 1.479999999999999927e-01 4.000000000000000000e+01
2.435000000000000142e+01 1.489999999999999936e-01 3.700000000000000000e+01
2.442999999999999972e+01 1.479999999999999927e-01 3.900000000000000000e+01
2.451000000000000156e+01 1.449999999999999900e-01 4.300000000000000000e+01
2.458999999999999986e+01 1.310999999999999943e-01 4.300000000000000000e+01
2.467000000000000171e+01 1.250999999999999890e-01 3.900000000000000000e+01
2.475000000000000000e+01 1.180999999999999966e-01 4.300000000000000000e+01
2.482999999999999829e+01 1.150999999999999940e-01 4.100000000000000000e+01
2.491000000000000014e+01 1.071000000000000008e-01 4.100000000000000000e+01
2.498999999999999844e+01 1.010999999999999954e-01 4.800000000000000000e+01
2.507000000000000028e+01 8.855000000000000371e-02 5.100000000000000000e+01
2.514999999999999858e+01 8.056000000000000660e-02 5.200000000000000000e+01
2.523000000000000043e+01 7.646999999999999631e-02 5.600000000000000000e+01
2.530999999999999872e+01 7.620000000000000384e-02 6.600000000000000000e+01
2.539000000000000057e+01 7.137999999999999901e-02 6.000000000000000000e+01
2.546999999999999886e+01 6.597999999999999698e-02 5.900000000000000000e+01
2.555000000000000071e+01 5.464999999999999719e-02 6.500000000000000000e+01
2.562999999999999901e+01 4.839000000000000246e-02 7.000000000000000000e+01
2.571000000000000085e+01 3.808000000000000274e-02 7.900000000000000000e+01
2.578999999999999915e+01 2.976000000000000173e-02 8.800000000000000000e+01
2.587000000000000099e+01 3.167999999999999983e-02 1.020000000000000000e+02
2.594999999999999929e+01 3.500000000000000333e-02 9.900000000000000000e+01
2.603000000000000114e+01 3.345000000000000057e-02 1.080000000000000000e+02
2.610999999999999943e+01 2.857000000000000164e-02 1.290000000000000000e+02
2.619000000000000128e+01 2.383000000000000049e-02 1.510000000000000000e+02
2.626999999999999957e+01 1.878000000000000155e-02 1.440000000000000000e+02
2.635000000000000142e+01 1.958000000000000018e-02 1.400000000000000000e+02
2.642999999999999972e+01 1.951999999999999916e-02 1.480000000000000000e+02
2.651000000000000156e+01 1.878000000000000155e-02 1.680000000000000000e+02
2.658999999999999986e+01 1.355999999999999914e-02 2.080000000000000000e+02
2.667000000000000171e+01 8.274999999999999370e-03 2.840000000000000000e+02
2.675000000000000000e+01 2.662000000000000130e-02 7.030000000000000000e+02
2.682999999999999829e+01 2.104999999999999927e-02 7.070000000000000000e+02
2.691000000000000014e+01 1.468999999999999993e-02 7.070000000000000000e+02
2.698999999999999844e+01 1.020000000000000073e-02 7.070000000000000000e+02
2.707000000000000028e+01 5.503000000000000079e-03 3.130000000000000000e+02
2.714999999999999858e+01 6.949000000000000316e-03 2.780000000000000000e+02
2.723000000000000043e+01 6.261000000000000072e-03 2.530000000000000000e+02
2.730999999999999872e+01 2.938000000000000073e-03 3.110000000000000000e+02
2.739000000000000057e+01 8.780000000000000640e-05 7.070000000000000000e+02
2.746999999999999886e+01 2.214000000000000148e-05 7.070000000000000000e+02
2.755000000000000071e+01 6.625000000000000097e-06 7.070000000000000000e+02
2.762999999999999901e+01 3.877999999999999971e-06 7.070000000000000000e+02
2.771000000000000085e+01 2.248999999999999982e-06 7.070000000000000000e+02
2.778999999999999915e+01 1.799000000000000035e-03 2.760000000000000000e+02
2.787000000000000099e+01 2.369000000000000012e-03 2.780000000000000000e+02
2.794999999999999929e+01 1.518000000000000035e-03 3.290000000000000000e+02
